100 0.946400000000000
600 0.923866666666667
1100 0.946400000000000
1600 0.956962500000000
2100 0.955252380952381
2600 0.946400000000000
3100 0.954032258064516
3600 0.952972222222222
4100 0.952995121951220
4600 0.946767391304348
5100 0.945737254901961
5600 0.944891071428572
6100 0.945845901639344
6600 0.944351515151515
7100 0.940687323943662
7600 0.939951315789474
8100 0.939723456790124
8600 0.940701162790698
9100 0.942500000000000
9600 0.941998958333333
10100 0.940041584158416
10600 0.940979245283019
11100 0.941527927927928
11600 0.945671551724138
12100 0.943466942148760
12600 0.944924603174603
13100 0.943045801526718
13600 0.942547794117647
14100 0.941485815602837
14600 0.941538356164384
15100 0.942594701986755
15600 0.943041666666667
16100 0.942831055900621
16600 0.941207831325301
17100 0.941161988304094
17600 0.942175000000000
18100 0.941731491712707
18600 0.942129569892473
19100 0.941798952879581
19600 0.939502040816327
20100 0.939757711442786
20600 0.938524271844660
21100 0.938230331753555
21600 0.937324074074074
22100 0.938141176470588
22600 0.937950000000000
23100 0.937986580086580
23600 0.937019067796610
24100 0.937985062240664
24600 0.938636991869919
25100 0.940138247011952
25600 0.940128515625000
26100 0.939665900383142
26600 0.939347744360902
27100 0.938043542435424
27600 0.937337681159420
28100 0.938521352313167
28600 0.938304545454546
29100 0.937979037800687
29600 0.937950000000000
30100 0.937865780730897
30600 0.937121568627451
31100 0.936999035369775
31600 0.936238607594937
32100 0.937186604361371
32600 0.936602147239264
33100 0.937158610271904
33600 0.937497321428572
34100 0.936388856304985
34600 0.935654335260116
35100 0.936577777777778
35600 0.936858146067416
36100 0.936990304709141
36600 0.937165027322404
37100 0.936469541778976
37600 0.936781382978723
38100 0.936685826771654
38600 0.936986787564767
39100 0.937020716112532
39600 0.936669696969697
40100 0.936833167082294
40600 0.936950985221675
41100 0.937065936739659
41600 0.937300000000000
42100 0.937247505938242
42600 0.936918544600939
43100 0.936401160092808
43600 0.936748394495413
44100 0.936934467120181
44600 0.936775336322870
45100 0.936769623059867
45600 0.937282894736842
46100 0.937381778741866
46600 0.936535622317597
47100 0.936568577494692
47600 0.936778361344538
48100 0.936737837837838
48600 0.937184979423868
49100 0.937623014256619
49600 0.938290725806452
50100 0.938068063872256
50600 0.938116996047431
51100 0.938297260273973
51600 0.937753488372093
52100 0.938031094049904
52600 0.938239163498099
53100 0.938316007532957
53600 0.938359888059702
54100 0.938465434380776
54600 0.938414285714286
55100 0.938118693284937
55600 0.937950000000000
56100 0.937814438502674
56600 0.937591696113074
57100 0.937520840630473
57600 0.937363194444444
58100 0.937499139414802
58600 0.936940614334471
59100 0.936677495769882
59600 0.936844127516779
60100 0.936445590682196
60600 0.935997854785479
61100 0.936276595744681
61600 0.936386201298701
62100 0.936385185185185
62600 0.936654153354633
63100 0.936409984152140
63600 0.936568238993711
64100 0.936513104524181
64600 0.936641950464396
65100 0.936846697388633
65600 0.936687652439025
66100 0.936633282904690
66600 0.936402102102102
67100 0.935998062593145
67600 0.936025000000000
68100 0.936423788546256
68600 0.936619679300292
69100 0.937130680173661
69600 0.937294396551724
70100 0.937793295292440
70600 0.938021813031162
71100 0.938080731364276
71600 0.937902793296089
72100 0.937938280166436
72600 0.937973278236915
73100 0.937822845417237
73600 0.937490760869565
74100 0.937140350877193
74600 0.937428954423593
75100 0.937488681757657
75600 0.937167592592593
76100 0.937206044678055
76600 0.937332245430810
77100 0.937215693904021
77600 0.937666881443299
78100 0.937506402048656
78600 0.937584478371501
79100 0.937554740834387
79600 0.937525376884422
80100 0.937855056179775
80600 0.938285483870968
81100 0.938668927250308
81600 0.938302083333333
82100 0.938557247259440
82600 0.938952542372882
83100 0.938529602888087
83600 0.938414952153110
84100 0.938783947681332
84600 0.938149763593381
85100 0.937959929494712
85600 0.937634112149533
86100 0.937959814169570
86600 0.938086605080831
87100 0.938076119402985
87600 0.937969292237443
88100 0.938189784335982
88600 0.938140744920993
89100 0.938225028058361
89600 0.938270647321429
90100 0.937921864594895
90600 0.938173841059603
91100 0.938014928649835
91600 0.938337445414847
92100 0.938417915309446
92600 0.938497516198704
93100 0.938503651987111
93600 0.938600000000000
94100 0.938479808714134
94600 0.938610993657505
95100 0.938740799158780
95600 0.938851569037657
96100 0.938732570239334
96600 0.939017184265010
97100 0.939316271884655
97600 0.939058196721312
98100 0.939043934760449
98600 0.939166937119676
99100 0.939442179616549
99600 0.939494076305221
