100 0.942074275274956
600 0.882260035574959
1100 0.868665890188596
1600 0.919643935387457
2100 0.939938052428527
2600 0.924820167669187
3100 0.936285800465279
3600 0.934597495312456
4100 0.949733415724346
4600 0.936222882260826
5100 0.934157684726427
5600 0.937267773870492
6100 0.944280538214710
6600 0.943433689813592
7100 0.941442434714745
7600 0.952699173116403
8100 0.947612630802733
8600 0.949898812445014
9100 0.957849459371658
9600 0.952354847723393
10100 0.950513413054411
10600 0.952654624278493
11100 0.945711627689145
11600 0.944394655263318
12100 0.948377015408633
12600 0.947414832391027
13100 0.947895890207589
13600 0.947352002307309
14100 0.947164848866445
14600 0.954979402333517
15100 0.951878264894657
15600 0.946962939096590
16100 0.944860652900732
16600 0.946668441276010
17100 0.944173020527587
17600 0.940035153467002
18100 0.943561369632138
18600 0.943039021076569
19100 0.943013765950872
19600 0.942760918332736
20100 0.943636587505926
20600 0.939896572373257
21100 0.940586006277681
21600 0.940828145281206
22100 0.941871285773711
22600 0.942272773858031
23100 0.941491669044112
23600 0.943024713405782
24100 0.939282116782736
24600 0.939703588945383
25100 0.938857174733323
25600 0.940497142001616
26100 0.939152315289611
26600 0.941568327758696
27100 0.943398575784919
27600 0.942561891359467
28100 0.943990033841860
28600 0.943799686035533
29100 0.942382596098152
29600 0.942832057027912
30100 0.942372352881434
30600 0.942660689389662
31100 0.942362768392480
31600 0.943635881216491
32100 0.943471804239909
32600 0.943725588640907
33100 0.943022990557207
33600 0.944611039905090
34100 0.945889406399516
34600 0.947390136173149
35100 0.948336877294827
35600 0.947618853674113
36100 0.950027415179665
36600 0.949060774584177
37100 0.950296717929133
37600 0.950903238847695
38100 0.950905117750349
38600 0.951255606109735
39100 0.951367664179751
39600 0.949437770692569
40100 0.949345956535242
40600 0.950250852376803
41100 0.950369680780795
41600 0.948868080144727
42100 0.948041491587070
42600 0.948708601157174
43100 0.947798955988703
43600 0.948659329186882
44100 0.948482943814241
44600 0.949718696043790
45100 0.949932354437317
45600 0.949452676553738
46100 0.949080715500118
46600 0.948716736443357
47100 0.948931958807440
47600 0.948482943814241
48100 0.950095103675475
48600 0.950381808566622
49100 0.951941797506524
49600 0.952113661272990
50100 0.952282094624955
50600 0.952358541784639
51100 0.952257912953820
51600 0.951029023369578
52100 0.950943085288055
52600 0.951199926864166
53100 0.950522614215633
53600 0.949941633295198
54100 0.950200609134382
54600 0.949468892820285
55100 0.949483207869375
55600 0.949093842074281
56100 0.949910900262389
56600 0.950951300248100
57100 0.950323612186295
57600 0.951342367103471
58100 0.950490478537391
58600 0.951413870722993
59100 0.951866200301986
59600 0.951784053279947
60100 0.951852559884814
60600 0.951919936017653
61100 0.952573583307402
61600 0.953507922555272
62100 0.954138258402854
62600 0.955331824409740
63100 0.954942394196152
63600 0.955476050679436
64100 0.955021585350423
64600 0.953810273544267
65100 0.953651224894310
65600 0.953973297044544
66100 0.953408214038079
66600 0.952649540627320
67100 0.951969030277489
67600 0.951431310553469
68100 0.951494359280572
68600 0.952733591314788
69100 0.952266933342502
69600 0.951935890225494
70100 0.952185526921817
70600 0.952241001569573
71100 0.952043315224955
71600 0.951409807797965
72100 0.951905048374054
72600 0.951960926465038
73100 0.952445622582719
73600 0.951887548975737
74100 0.952668902752182
74600 0.952958702941544
75100 0.952886236712073
75600 0.952518031413051
76100 0.952449412778766
76600 0.953435857358963
77100 0.952954881134780
77600 0.952769153829562
78100 0.952356044391121
78600 0.953089683921997
79100 0.952509629356624
79600 0.952725868839623
80100 0.951651274328045
80600 0.951758838898839
81100 0.951975707679055
81600 0.951200344935066
82100 0.951417973498494
82600 0.952284696337546
83100 0.952007325911056
83600 0.951143001210332
84100 0.951355795228404
84600 0.950929752251817
85100 0.951932027469932
85600 0.952450927839733
86100 0.952599080518335
86600 0.952486511573772
87100 0.952272225441947
87600 0.952572493715452
88100 0.953123954629297
88600 0.953517292915079
89100 0.953604124510056
89600 0.953840190171300
90100 0.954471954813218
90600 0.954552080245485
91100 0.953695702746854
91600 0.953436368842423
92100 0.952936307402887
92600 0.952586983170393
93100 0.952916007766228
93600 0.952522595991782
94100 0.952419405467490
94600 0.951843091378179
95100 0.951933246960523
95600 0.951834757903826
96100 0.951877337452635
96600 0.951826596965173
97100 0.952469386448359
97600 0.952554024238787
98100 0.952089044766010
98600 0.951765274049879
99100 0.951263698074476
99600 0.952073342453721
